"nestid"	"year"	"clutchno"	"hatchingsuc"	"chickno"
"989"	1998	1	0	0
"7557"	1998	1	1	4
"7557"	1998	2	1	4
"2905"	1998	1	0	0
"1115"	1998	1	1	4
"1115"	1998	2	1	3
"3703"	1998	1	1	2
"3703"	1998	2	1	3
"5984"	1998	1	1	1
"4297"	1998	1	0	0
"1580"	1998	1	1	1
"1580"	1998	2	0	0
"7185"	1998	1	1	3
"7185"	1998	2	1	5
"8780"	1998	1	1	1
"7835"	1998	1	1	4
"7835"	1998	2	1	4
"8429"	1998	1	1	1
"4341"	1998	1	1	4
"9897"	1998	1	1	2
"9897"	1998	2	1	4
"1436"	1998	1	1	5
"836"	1998	1	1	4
"836"	1998	2	1	1
"3992"	1999	1	0	0
"3992"	1999	2	0	0
"3992"	1999	3	0	0
"8747"	1999	1	0	0
"8747"	1999	2	1	2
"8747"	1999	3	1	1
"8164"	1999	1	1	1
"8164"	1999	2	0	0
"6027"	1999	1	0	0
"5467"	1999	1	0	0
"5467"	1999	2	0	0
"3723"	1999	1	1	3
"3723"	1999	2	1	3
"1623"	1999	1	1	1
"3541"	1999	1	1	3
"3541"	1999	2	1	1
"8312"	1999	1	1	3
"346"	1999	1	1	3
"346"	1999	2	1	3
"8665"	1999	1	1	4
"8665"	1999	2	1	1
"8665"	1999	3	1	2
"1415"	1999	1	1	2
"1415"	1999	2	0	0
"3837"	1999	1	1	1
"3837"	1999	2	1	1
"5262"	1999	1	1	4
"5262"	1999	2	1	4
"48"	1999	1	0	0
"3188"	1999	1	1	2
"9076"	1999	1	0	0
"277"	1999	1	1	2
"4911"	1999	1	1	3
"2507"	1999	1	1	5
"1980"	1999	1	1	3
"8971"	1999	1	0	0
"6605"	1999	1	1	2
"8150"	1999	1	1	1
"7061"	1999	1	1	1
"7061"	1999	2	1	3
"179"	1999	1	0	0
"5130"	1999	1	0	0
"5130"	1999	2	0	0
"7523"	1999	1	0	0
"6"	2000	1	1	6
"6"	2000	2	0	0
"8922"	2000	1	1	4
"8922"	2000	2	1	5
"4535"	2000	1	1	1
"4535"	2000	2	1	5
"4112"	2000	1	1	2
"4112"	2000	2	1	1
"2189"	2000	1	0	0
"9200"	2000	1	0	0
"9200"	2000	2	1	2
"9200"	2000	3	1	2
"3451"	2000	1	0	0
"2576"	2000	1	1	1
"2576"	2000	2	1	2
"2576"	2000	3	1	1
"9627"	2000	1	1	2
"9627"	2000	3	1	2
"2833"	2000	1	1	1
"3508"	2000	1	1	5
"3508"	2000	2	1	2
"1772"	2000	1	0	0
"9881"	2000	1	0	0
"9881"	2000	2	0	0
"9881"	2000	3	0	0
"704"	2000	1	1	3
"25"	2000	1	1	4
"25"	2000	2	1	1
"7002"	2000	1	1	4
"5649"	2000	1	0	0
"4275"	2000	1	1	5
"4275"	2000	2	1	4
"230"	2000	1	1	2
"230"	2000	2	0	0
"230"	2000	3	1	2
"1210"	2000	1	1	1
"1210"	2000	2	1	4
"1210"	2000	3	1	3
"8761"	2000	1	1	4
"6902"	2000	1	1	5
"5746"	2001	1	1	1
"143"	2001	1	1	4
"143"	2001	2	1	1
"8136"	2001	1	1	2
"8136"	2001	2	1	4
"5837"	2001	1	0	0
"5837"	2001	2	1	2
"8075"	2001	1	1	3
"8075"	2001	2	0	0
"5353"	2001	1	1	4
"5353"	2001	2	1	3
"468"	2001	1	1	1
"468"	2001	2	1	4
"468"	2001	3	0	0
"4835"	2001	1	1	5
"4835"	2001	2	1	3
"9899"	2001	1	1	4
"9899"	2001	2	1	3
"9899"	2001	3	1	4
"3354"	2001	1	0	0
"9623"	2001	1	1	2
"9623"	2001	2	1	2
"858"	2001	1	1	3
"6803"	2001	1	0	0
"2193"	2001	1	1	4
"2193"	2001	2	1	4
"8796"	2001	1	1	4
"1445"	2001	1	1	3
"2859"	2001	1	0	0
"5356"	2001	1	1	2
"5356"	2001	2	0	0
"5356"	2001	3	1	2
"3427"	2001	1	0	0
"1868"	2001	1	0	0
"1868"	2001	2	0	0
"1868"	2001	3	0	0
"2856"	2001	1	0	0
"5142"	2001	1	1	3
"9607"	2001	1	1	1
"9607"	2001	2	1	3
"2446"	2001	1	1	1
"3380"	2001	1	1	2
"3380"	2001	2	0	0
"1819"	2001	1	1	1
"1819"	2001	2	0	0
"1819"	2001	3	0	0
"1819"	2001	4	0	0
"3190"	2001	1	0	0
"9402"	2002	1	1	2
"1194"	2002	1	1	2
"5419"	2002	1	1	4
"6216"	2002	1	1	3
"7945"	2002	1	0	0
"208"	2002	1	1	3
"1177"	2002	1	1	4
"8538"	2002	1	1	3
"8538"	2002	2	1	3
"7988"	2002	1	1	5
"4223"	2002	1	1	5
"2575"	2002	1	1	3
"3150"	2002	1	1	5
"3150"	2002	2	1	5
"3693"	2002	1	1	4
"3693"	2002	2	1	2
"3748"	2002	1	0	0
"514"	2002	1	1	5
"514"	2002	2	1	5
"1252"	2002	1	1	2
"1252"	2002	2	1	1
"6392"	2002	1	1	5
"5801"	2002	1	1	2
"5801"	2002	2	1	2
"4133"	2002	1	1	2
"4133"	2002	2	1	2
"8986"	2002	1	0	0
"8760"	2002	1	1	5
"6164"	2002	1	1	2
"6164"	2002	2	1	2
"6164"	2002	3	1	2
"693"	2003	1	1	1
"5049"	2003	1	1	4
"5049"	2003	2	1	3
"783"	2003	1	1	2
"783"	2003	2	1	2
"1755"	2003	1	0	0
"1755"	2003	2	1	2
"6132"	2003	1	0	0
"6132"	2003	2	0	0
"4540"	2003	1	1	1
"4540"	2003	2	0	0
"4540"	2003	3	0	0
"867"	2003	1	0	0
"867"	2003	2	1	4
"9271"	2003	1	1	2
"7737"	2003	1	0	0
"8085"	2003	1	1	3
"8085"	2003	2	0	0
"2599"	2003	1	0	0
"2599"	2003	2	0	0
"1008"	2003	1	0	0
"1008"	2003	2	0	0
"9736"	2003	1	1	2
"9736"	2003	2	1	2
"1883"	2003	1	0	0
"168"	2003	1	1	2
"168"	2003	2	0	0
"80"	2003	1	0	0
"925"	2003	1	1	1
"925"	2003	2	0	0
"9725"	2003	1	1	5
"6387"	2003	1	1	6
"205"	2003	1	0	0
"205"	2003	2	0	0
"2786"	2003	1	1	1
"6102"	2003	1	1	6
"7745"	2003	1	1	1
"7798"	2003	1	1	3
"9280"	2003	1	1	2
"9280"	2003	2	1	2
"9280"	2003	3	1	3
"9280"	2003	4	0	0
"6742"	2003	1	1	1
"1478"	2004	2	1	1
"1344"	2004	1	1	2
"4742"	2004	1	1	1
"647"	2004	1	0	0
"2609"	2004	1	1	1
"2609"	2004	2	1	5
"5463"	2004	1	1	5
"5463"	2004	2	1	5
"5463"	2004	3	1	2
"2894"	2004	1	1	1
"7044"	2004	1	1	1
"7044"	2004	2	1	3
"3784"	2004	1	1	3
"3784"	2004	2	1	3
"2516"	2004	1	1	3
"2516"	2004	2	1	3
"519"	2004	1	1	2
"519"	2004	2	1	1
"2632"	2004	1	1	2
"1886"	2004	1	1	3
"1886"	2004	2	1	4
"5934"	2004	1	1	3
"8570"	2004	1	0	0
"5354"	2004	1	0	0
"5680"	2004	1	0	0
"7132"	2004	1	1	3
"7226"	2004	1	1	3
"7558"	2004	1	0	0
"1245"	2004	1	1	4
"3407"	2004	1	1	5
"4703"	2004	1	0	0
"1818"	2004	1	1	4
"1334"	2004	1	1	1
"1334"	2004	2	0	0
"4834"	2005	1	0	0
"3656"	2005	1	0	0
"3249"	2005	1	1	2
"2923"	2005	1	0	0
"5010"	2005	1	1	3
"5010"	2005	2	1	2
"7590"	2005	1	1	4
"7590"	2005	2	1	5
"4448"	2005	1	0	0
"7080"	2005	1	0	0
"7080"	2005	2	0	0
"6773"	2005	1	1	1
"6773"	2005	2	1	3
"6773"	2005	3	1	1
"4530"	2005	1	1	3
"6826"	2005	1	0	0
"6826"	2005	2	1	1
"6826"	2005	3	0	0
"9939"	2005	1	1	3
"9939"	2005	2	1	4
"8041"	2005	1	1	3
"3824"	2005	1	0	0
"7641"	2005	1	1	1
"6699"	2005	1	1	3
"7513"	2006	1	1	3
"7513"	2006	2	1	4
"1080"	2006	1	0	0
"5998"	2006	1	0	0
"6945"	2006	1	1	1
"6945"	2006	2	1	3
"6945"	2006	3	1	5
"3453"	2006	1	1	3
"3453"	2006	2	1	4
"6725"	2006	1	1	3
"3536"	2006	1	0	0
"8673"	2006	1	0	0
"6205"	2006	1	1	1
"7429"	2006	1	1	3
"7429"	2006	2	1	3
"6038"	2006	1	0	0
"4383"	2006	1	0	0
"7124"	2006	1	0	0
"294"	2006	1	0	0
"6274"	2006	1	0	0
"173"	2006	1	1	3
"173"	2006	2	1	3
"7117"	2006	1	1	3
"7117"	2006	2	1	3
"5557"	2006	1	1	1
"6032"	2006	1	1	4
"2651"	2006	1	1	2
"9956"	2006	1	0	0
"9956"	2006	2	1	3
"1257"	2006	1	0	0
"1257"	2006	2	0	0
"86"	2006	1	0	0
"880"	2006	1	1	3
"7813"	2007	1	0	0
"8708"	2007	1	0	0
"2226"	2007	1	0	0
"8253"	2007	1	1	4
"8253"	2007	2	1	3
"8253"	2007	3	0	0
"2185"	2007	1	1	4
"4816"	2007	1	1	3
"499"	2007	1	1	4
"3069"	2007	1	0	0
"6517"	2007	1	0	0
"350"	2007	1	1	1
"350"	2007	2	1	4
"2007"	2007	1	1	4
"2007"	2007	2	1	3
"2007"	2007	3	1	4
"3402"	2007	1	1	1
"3402"	2007	2	1	3
"300"	2007	1	1	1
"9880"	2007	1	0	0
"4163"	2007	1	1	2
"9060"	2007	1	0	0
"9662"	2007	1	1	5
"1692"	2007	1	0	0
"3894"	2007	1	1	2
"3894"	2007	2	1	3
"3894"	2007	3	0	0
"1030"	2007	1	1	5
"1030"	2007	2	1	6
"1030"	2007	3	0	0
"3803"	2007	1	1	4
"3213"	2008	1	0	0
"4401"	2008	1	0	0
"4724"	2008	1	0	0
"4724"	2008	2	1	3
"4724"	2008	3	0	0
"8818"	2008	1	0	0
"8741"	2008	1	1	3
"8741"	2008	2	1	3
"3785"	2008	1	1	3
"5292"	2008	1	1	1
"5292"	2008	2	1	5
"8426"	2008	1	1	2
"5729"	2008	1	0	0
"5729"	2008	2	1	4
"3786"	2008	1	0	0
"3786"	2008	2	1	2
"3786"	2008	3	1	5
"7186"	2008	1	1	2
"7186"	2008	2	1	2
"7148"	2008	1	1	1
"7148"	2008	2	1	2
"6062"	2008	1	0	0
"6891"	2008	1	1	2
"3138"	2008	1	0	0
"4405"	2008	1	1	3
"4405"	2008	2	0	0
"8691"	2008	1	1	3
"8691"	2008	2	0	0
"7578"	2008	1	1	2
"7578"	2008	2	1	2
"5787"	2008	1	1	5
"9852"	2008	1	0	0
"9937"	2008	1	1	2
"4035"	2008	1	0	0
"1311"	2008	1	1	2
"5857"	2008	1	1	4
"3668"	2008	1	0	0
"3668"	2008	2	1	3
"3668"	2008	3	0	0
"7474"	2008	1	0	0
"7474"	2008	2	1	4
"7474"	2008	3	1	1
"216"	2009	1	1	1
"216"	2009	2	1	5
"216"	2009	3	1	1
"4510"	2009	1	1	1
"4510"	2009	2	1	5
"812"	2009	1	1	2
"5147"	2009	1	0	0
"5147"	2009	2	1	4
"8688"	2009	1	1	2
"8688"	2009	2	1	1
"9093"	2009	1	1	3
"9093"	2009	2	1	2
"9093"	2009	3	1	1
"1228"	2009	1	1	2
"1228"	2009	2	1	1
"8649"	2009	1	1	2
"3563"	2009	1	1	1
"3563"	2009	2	1	5
"3563"	2009	3	1	3
"1108"	2009	1	1	2
"2543"	2009	1	0	0
"9600"	2009	1	1	4
"9600"	2009	2	1	4
"4512"	2009	1	1	2
"4512"	2009	2	0	0
"1283"	2009	1	0	0
"1283"	2009	2	0	0
"3373"	2009	1	0	0
"3373"	2009	2	0	0
"5575"	2009	1	0	0
"6405"	2009	1	0	0
"7270"	2009	1	0	0
"609"	2009	1	1	3
"9707"	2009	1	1	3
"9707"	2009	2	1	3
"9707"	2009	3	1	2
"3758"	2009	1	1	2
"1710"	2009	1	1	3
"2843"	2009	1	1	2
"2843"	2009	2	1	4
"2843"	2009	3	0	0
"5745"	2009	1	0	0
"4521"	2009	1	0	0
"913"	2009	1	1	4
"913"	2009	2	1	4
"913"	2009	3	0	0
"2159"	2009	1	1	3
"2159"	2009	2	1	1
"9133"	2009	1	1	4
"7331"	2009	1	0	0
"7331"	2009	2	0	0
"7331"	2009	3	1	2
"6012"	2009	1	1	3
"6012"	2009	2	1	1
"876"	2009	1	1	2
"876"	2009	2	1	4
"5652"	2009	1	0	0
"1074"	2009	1	0	0
"490"	2009	1	0	0
"6989"	2009	1	1	3
"7087"	2009	1	1	1
"7087"	2009	2	1	4
"7087"	2009	3	0	0
"4560"	2009	1	1	2
"648"	2010	1	1	2
"648"	2010	2	1	3
"648"	2010	3	0	0
"2478"	2010	1	1	2
"2904"	2010	1	0	0
"2904"	2010	2	0	0
"2904"	2010	3	1	4
"7057"	2010	1	1	5
"3676"	2010	1	1	1
"3676"	2010	2	1	3
"3676"	2010	3	1	4
"4780"	2010	1	1	2
"4780"	2010	2	1	5
"4969"	2010	1	1	3
"9450"	2010	1	0	0
"4065"	2010	1	1	6
"4065"	2010	2	1	1
"4288"	2010	1	1	1
"4288"	2010	2	1	2
"4288"	2010	3	1	3
"4288"	2010	4	0	0
"2788"	2010	1	1	1
"2788"	2010	2	1	3
"2788"	2010	3	0	0
"381"	2010	1	1	6
"381"	2010	2	1	2
"6452"	2010	1	1	4
"6452"	2010	2	0	0
"6452"	2010	3	1	2
"4990"	2010	1	1	3
"4990"	2010	2	1	4
"9920"	2010	1	0	0
"7253"	2010	1	0	0
"7253"	2010	2	0	0
"7253"	2010	3	0	0
"635"	2010	1	1	3
"635"	2010	2	0	0
"6088"	2010	1	1	3
"6088"	2010	2	1	1
"6088"	2010	3	0	0
"766"	2010	1	1	4
"766"	2010	2	1	2
"8157"	2010	1	1	3
"6423"	2010	1	1	2
"6423"	2010	2	0	0
"2431"	2010	1	1	1
"2431"	2010	2	1	2
"8311"	2010	1	0	0
"9947"	2010	1	1	1
"9947"	2010	2	1	3
"8318"	2010	1	1	2
"3415"	2010	1	1	2
"3415"	2010	2	1	1
"3415"	2010	3	0	0
"5991"	2010	1	0	0
"5991"	2010	2	0	0
"5991"	2010	3	1	2
"8858"	2010	1	0	0
"823"	2010	1	1	3
"5799"	2010	1	1	3
"2899"	2010	1	1	1
"2899"	2010	2	1	4
"2008"	2010	1	1	1
"2008"	2010	2	0	0
"2008"	2010	3	1	3
"6889"	2010	1	0	0
"6889"	2010	2	0	0
"6889"	2010	3	1	3
"4136"	2010	2	1	5
"3885"	2010	1	1	4
"3885"	2010	2	1	4
"8180"	2010	1	1	2
"8180"	2010	2	1	2
"8180"	2010	3	0	0
"3516"	2010	1	0	0
"3516"	2010	2	1	2
"264"	2010	1	0	0
"4538"	2010	1	1	3
"7829"	2010	1	1	3
"7829"	2010	2	1	4
"7829"	2010	3	1	3
"8565"	2010	1	0	0
"8565"	2010	2	0	0
"8565"	2010	3	0	0
"320"	2010	1	1	2
"8779"	2010	1	1	1
"8779"	2010	2	1	1
"8779"	2010	3	0	0
"3857"	2010	1	1	3
"6130"	2010	1	1	1
"2329"	2010	1	1	1
"2329"	2010	2	1	4
"2329"	2010	3	0	0
"4751"	2010	1	1	5
"4751"	2010	2	1	2
"7683"	2010	1	1	1
"3137"	2010	1	1	1
"3137"	2010	2	1	4
"5943"	2010	1	0	0
"2070"	2010	1	1	3
"5423"	2010	1	0	0
"7426"	2011	1	1	1
"2691"	2011	1	1	1
"9539"	2011	1	1	4
"9539"	2011	2	1	4
"8993"	2011	1	1	1
"8993"	2011	2	1	5
"8993"	2011	3	1	2
"1255"	2011	1	1	2
"3957"	2011	1	1	5
"3957"	2011	2	0	0
"6422"	2011	1	1	4
"7677"	2011	1	1	4
"5709"	2011	1	1	1
"5709"	2011	2	1	3
"5709"	2011	3	0	0
"5920"	2011	1	1	3
"2336"	2011	1	1	4
"4220"	2011	1	0	0
"293"	2011	1	1	1
"293"	2011	2	0	0
"293"	2011	3	0	0
"6762"	2011	1	1	3
"6762"	2011	2	1	3
"6762"	2011	3	1	1
"6762"	2011	4	0	0
"8642"	2011	1	1	1
"8642"	2011	2	1	4
"5261"	2011	1	0	0
"1771"	2011	1	1	1
"1771"	2011	2	0	0
"1771"	2011	3	0	0
"1771"	2011	4	1	3
"6895"	2011	1	0	0
"6895"	2011	2	1	3
"6366"	2011	1	1	4
"6366"	2011	2	1	4
"2534"	2011	1	1	1
"2534"	2011	2	1	2
"8625"	2011	1	0	0
"8625"	2011	2	1	2
"6257"	2011	1	0	0
"7054"	2011	1	1	4
"7054"	2011	2	1	4
"3259"	2011	1	0	0
"3259"	2011	2	1	7
"8778"	2011	1	1	3
"9929"	2011	1	1	2
"9709"	2011	1	0	0
"400"	2011	1	0	0
"8146"	2011	1	0	0
"8146"	2011	2	0	0
"4042"	2011	1	1	4
"4042"	2011	2	0	0
"7753"	2011	1	1	4
"7753"	2011	2	0	0
"2000"	2011	1	0	0
"2000"	2011	2	1	1
"6099"	2011	1	0	0
"6044"	2011	1	0	0
"6044"	2011	2	1	2
"2299"	2011	1	0	0
"2299"	2011	2	0	0
"2299"	2011	3	0	0
"2299"	2011	4	1	1
"9538"	2011	1	1	1
"9538"	2011	2	1	3
"9538"	2011	3	1	2
"6340"	2011	1	0	0
"6758"	2011	1	1	3
"6758"	2011	2	1	2
"278"	2011	1	0	0
"278"	2011	2	1	4
"278"	2011	3	0	0
"278"	2011	4	1	2
"6892"	2011	1	1	2
"6892"	2011	2	1	2
"530"	2011	1	0	0
"530"	2011	2	1	2
"3105"	2011	1	1	3
"4509"	2011	1	1	1
"4509"	2011	2	1	5
"9693"	2011	1	1	5
"9693"	2011	2	1	1
"552"	2011	1	0	0
"3968"	2011	1	1	5
"3968"	2011	2	1	3
"2866"	2011	1	0	0
"6534"	2011	1	1	3
"6534"	2011	2	1	5
"3682"	2011	1	0	0
"1407"	2011	1	0	0
"1751"	2011	1	1	1
"1751"	2011	2	0	0
"1751"	2011	3	0	0
"8561"	2011	1	0	0
"8561"	2011	2	0	0
"8561"	2011	3	1	5
"8133"	2011	1	0	0
"8133"	2011	2	0	0
"8646"	2011	1	1	3
"8646"	2011	2	1	1
"2476"	2011	1	0	0
"2476"	2011	2	1	1
"5441"	2011	1	1	4
"5441"	2011	2	0	0
"5441"	2011	3	0	0
"9586"	2011	1	1	5
"9586"	2011	2	0	0
"9700"	2012	1	0	0
"9700"	2012	2	1	4
"8932"	2012	1	1	1
"8932"	2012	2	1	3
"2254"	2012	1	0	0
"2254"	2012	2	1	3
"2254"	2012	3	1	3
"2254"	2012	4	0	0
"949"	2012	1	1	2
"949"	2012	2	1	3
"949"	2012	3	1	4
"7905"	2012	1	0	0
"7905"	2012	2	1	1
"7905"	2012	3	1	2
"7905"	2012	4	1	2
"4851"	2012	1	1	2
"7239"	2012	1	0	0
"5949"	2012	2	1	3
"5949"	2012	3	0	0
"3729"	2012	1	1	1
"3729"	2012	2	1	5
"3729"	2012	3	1	2
"1432"	2012	1	1	2
"1432"	2012	2	1	4
"1432"	2012	3	1	5
"7120"	2012	1	1	1
"7120"	2012	2	1	1
"7120"	2012	3	1	3
"7120"	2012	4	0	0
"8355"	2012	1	0	0
"8355"	2012	2	1	5
"8355"	2012	3	1	3
"3412"	2012	1	0	0
"8797"	2012	1	1	2
"8797"	2012	2	1	1
"5470"	2012	1	1	1
"5470"	2012	2	1	5
"5470"	2012	3	1	4
"5155"	2012	1	1	2
"5155"	2012	2	1	3
"3767"	2012	1	1	3
"3767"	2012	2	1	3
"1946"	2012	1	0	0
"1946"	2012	2	1	3
"1946"	2012	3	1	4
"8004"	2012	1	0	0
"4907"	2012	1	1	3
"4907"	2012	2	0	0
"195"	2012	1	1	4
"195"	2012	2	0	0
"1695"	2012	1	1	1
"544"	2012	1	0	0
"544"	2012	2	1	3
"544"	2012	3	1	3
"117"	2012	1	0	0
"1594"	2012	1	0	0
"5219"	2012	1	1	1
"5219"	2012	2	1	1
"9335"	2012	1	1	4
"4402"	2012	1	0	0
"4402"	2012	2	1	2
"8585"	2012	1	1	4
"9426"	2012	1	1	2
"4833"	2012	1	0	0
"4833"	2012	2	1	1
"1347"	2012	1	1	4
"506"	2012	1	1	4
"506"	2012	2	1	2
"4728"	2012	1	1	1
"4728"	2012	2	1	1
"9857"	2012	1	0	0
"9082"	2012	1	0	0
"5082"	2012	1	1	1
"5082"	2012	2	1	2
"6144"	2012	1	1	3
"5293"	2012	1	1	1
"4594"	2012	1	1	2
"4694"	2012	1	0	0
"3883"	2012	1	1	3
"6466"	2012	1	1	2
"6466"	2012	2	0	0
"8073"	2012	1	1	3
"8073"	2012	2	1	2
"2913"	2012	2	1	4
"520"	2012	1	1	4
"70"	2012	1	1	5
"70"	2012	2	1	3
"70"	2012	3	1	2
"8862"	2012	1	0	0
"1575"	2012	1	1	2
"1575"	2012	2	1	4
"1575"	2012	3	1	3
"4683"	2012	1	1	1
"4683"	2012	2	1	3
"5833"	2012	1	0	0
"7935"	2012	1	1	1
"289"	2012	1	1	2
"7315"	2012	1	0	0
"8736"	2012	1	0	0
"8736"	2012	2	0	0
"6978"	2012	1	0	0
"4081"	2012	1	0	0
"4081"	2012	2	1	2
"6093"	2012	1	0	0
"6093"	2012	2	1	2
"6093"	2012	3	1	3
"6382"	2012	1	1	2
"6382"	2012	2	1	3
"6382"	2012	3	1	3
"8014"	2012	1	1	3
"9790"	2012	1	0	0
"9790"	2012	2	1	3
"9790"	2012	3	1	4
"9790"	2012	4	0	0
"5805"	2012	1	1	1
"5805"	2012	2	0	0
"5805"	2012	3	1	2
"5805"	2012	4	1	3
"8745"	2012	1	1	4
"7587"	2012	1	0	0
"7587"	2012	2	1	2
"4968"	2012	1	0	0
"4968"	2012	2	0	0
"6327"	2012	1	0	0
"6327"	2012	2	1	3
"9288"	2012	1	1	1
"9288"	2012	2	0	0
"9288"	2012	3	0	0
"7062"	2012	1	0	0
"8342"	2012	1	0	0
"8342"	2012	2	1	4
"8342"	2012	3	1	2
"9503"	2012	1	1	5
"643"	2012	1	0	0
"7307"	2012	1	1	2
"222"	2012	1	1	3
"1362"	2012	1	1	7
"1362"	2012	2	1	3
"7734"	2012	1	1	2
"2345"	2012	1	1	3
"2345"	2012	2	1	3
"2345"	2012	3	1	2
